# Robot Rescue Paths - 3D Visualization Data
# Generated by Genetic Algorithm Rescue System
# Format: RobotID: x1,y1,z1 -> x2,y2,z2 -> ...
# Each line represents one robot's complete path

# Robot Status:
# Robot1: ACTIVE
# Robot2: ACTIVE
# Robot3: ACTIVE

Robot1: 5,5,0 -> 5,5,0 -> 5,5,1 -> 5,6,1 -> 5,6,1 -> 5,5,1 -> 6,5,1 -> 6,5,2 -> 6,5,2 -> 6,5,2 -> 6,5,3 -> 5,5,3 -> 5,5,3 -> 5,5,3 -> 5,5,2 -> 5,5,2 -> 5,5,3 -> 6,5,3 -> 6,4,3 -> 5,4,3 -> 5,4,3 -> 6,5,2 -> 6,4,2 -> 6,4,2 -> 6,4,1 -> 6,4,1 -> 6,4,0 -> 6,3,0 -> 6,2,0 -> 6,2,0 -> 7,2,0 -> 7,2,0 -> 7,2,0 -> 7,1,0 -> 7,1,0 -> 8,1,0 -> 8,1,1 -> 9,2,0 -> 9,2,1 -> 8,2,1 -> 8,2,1 -> 8,2,1 -> 8,2,1 -> 8,2,2 -> 7,2,2 -> 7,2,1 -> 8,3,0 -> 8,4,0 -> 8,4,0 -> 9,4,0 -> 9,5,0 -> 9,5,0 -> 9,5,0 -> 9,5,1 -> 9,5,2 -> 9,5,2 -> 9,5,3 -> 9,5,3 -> 8,5,3 -> 8,4,3 -> 8,5,3 -> 7,5,3 -> 6,5,3 -> 7,5,3 -> 7,5,3 -> 6,5,3 -> 6,5,3 -> 6,5,4 -> 7,5,4 -> 7,4,4 -> 8,5,3 -> 9,5,3 -> 9,5,3 -> 9,6,3 -> 9,6,3 -> 9,6,3 -> 9,6,3 -> 10,6,3 -> 10,6,4 -> 10,6,4 -> 10,5,4 -> 10,6,4 -> 10,6,3 -> 10,7,3 -> 10,7,3 -> 10,8,3 -> 10,8,3 -> 10,8,3 -> 10,8,3 -> 10,8,3 -> 10,8,2 -> 10,8,2 -> 10,8,2 -> 11,8,2 -> 11,8,2 # ACTIVE, Fitness: 3.81, Survivors: 9, Battery: 36.8%, Length: 95
Robot2: 15,5,0 -> 15,5,0 -> 15,5,0 -> 15,6,0 -> 15,6,0 -> 15,5,0 -> 16,5,0 -> 16,5,1 -> 17,5,1 -> 17,5,1 -> 17,5,2 -> 16,5,2 -> 16,5,2 -> 16,5,2 -> 16,5,1 -> 16,5,1 -> 16,5,2 -> 17,5,2 -> 17,4,2 -> 16,4,2 -> 16,4,2 -> 16,4,2 -> 16,3,2 -> 16,3,2 -> 16,3,1 -> 16,3,1 -> 16,3,0 -> 16,2,0 -> 16,1,0 -> 16,1,0 -> 17,1,0 -> 17,1,0 -> 17,1,0 -> 17,1,0 -> 17,1,1 -> 18,1,1 -> 18,1,2 -> 17,2,1 -> 17,2,2 -> 16,2,2 -> 16,2,2 -> 16,2,2 -> 16,2,2 -> 16,2,3 -> 15,2,3 -> 15,2,2 -> 14,3,1 -> 14,4,1 -> 14,4,1 -> 15,4,1 -> 15,4,1 -> 15,4,1 -> 15,4,1 -> 15,4,2 -> 15,4,3 -> 15,4,3 -> 15,4,4 -> 14,5,3 -> 13,5,3 -> 13,4,3 -> 13,5,3 -> 12,5,3 -> 11,5,3 -> 12,5,3 -> 12,5,3 -> 11,5,3 -> 11,5,3 -> 11,5,4 -> 12,5,4 -> 12,4,4 -> 11,5,3 -> 12,5,3 -> 12,5,3 -> 12,6,3 -> 12,7,3 -> 12,7,3 -> 12,8,3 -> 13,8,3 -> 13,8,4 -> 13,8,4 -> 13,9,4 -> 13,9,4 -> 13,9,4 -> 13,10,4 -> 14,10,4 -> 14,11,4 -> 15,11,4 -> 15,11,4 -> 16,11,4 -> 16,12,4 -> 16,12,3 -> 16,12,3 -> 16,13,3 -> 15,13,3 -> 15,13,3 # ACTIVE, Fitness: 23.24, Survivors: 24, Battery: 35.0%, Length: 95
Robot3: 10,15,0 -> 10,15,0 -> 10,15,1 -> 10,15,1 -> 11,15,1 -> 11,15,1 -> 12,15,1 -> 12,15,2 -> 13,15,2 -> 12,14,1 -> 12,14,2 -> 11,14,2 -> 11,14,2 -> 10,13,1 -> 10,13,0 -> 10,13,0 -> 10,13,1 -> 11,13,1 -> 11,12,1 -> 10,12,1 -> 10,12,1 -> 10,12,1 -> 10,11,1 -> 10,11,1 -> 10,11,1 -> 10,11,1 -> 10,11,1 -> 10,10,1 -> 10,10,1 -> 10,10,1 -> 10,10,1 -> 10,10,1 -> 10,10,0 -> 10,9,0 -> 10,9,0 -> 11,9,0 -> 11,9,1 -> 10,10,0 -> 10,10,1 -> 9,10,1 -> 9,10,1 -> 9,10,1 -> 10,10,0 -> 10,10,1 -> 9,10,1 -> 9,10,1 -> 10,10,0 -> 10,10,0 -> 10,10,0 -> 11,10,0 -> 11,11,0 -> 11,11,0 -> 11,11,0 -> 11,11,0 -> 11,11,0 -> 11,11,0 -> 11,11,0 -> 10,10,0 -> 10,10,0 -> 10,9,0 -> 10,10,0 -> 10,10,0 -> 10,10,0 -> 11,10,0 -> 11,10,0 -> 10,10,0 -> 10,10,0 -> 10,10,1 -> 10,10,1 -> 10,10,1 -> 10,10,1 -> 10,10,1 -> 10,10,1 -> 10,11,1 -> 10,12,1 -> 9,12,1 -> 9,13,1 -> 10,13,1 -> 10,13,2 -> 10,13,2 -> 10,14,2 -> 10,14,3 -> 10,13,3 -> 10,14,3 -> 10,13,2 -> 10,13,2 -> 10,13,2 -> 10,13,2 -> 10,13,2 -> 10,13,1 -> 10,13,0 -> 10,13,0 -> 10,14,0 -> 10,14,0 -> 10,13,0 # ACTIVE, Fitness: -3.44, Survivors: 0, Battery: 39.7%, Length: 95

# Summary:
# Robots with saved paths: 3/3
# Total waypoints: 285
# Average waypoints per robot: 95.0
